#' @export
pencil_case <- list(
  pretty = c('#4a166a', '#ce5068', '#f0d35b', '#61aa6f', "#2f3c68")
)
